50
;
1
699
375
;
1
100
375
;
1
200
375
;
1
300
375
;
1
400
375
;
1
500
375
;
1
600
375
;
15
0
400
;
15
100
400
;
15
200
400
;
15
300
400
;
15
400
400
;
15
500
400
;
15
600
400
;
15
700
400
;
14
0
475
;
14
100
475
;
14
200
475
;
14
300
475
;
14
400
475
;
14
500
475
;
14
600
475
;
14
700
475
;
25
0
0
;
23
0
200
;
8
0
300
;
1
0
375
;
8
200
300
;
8
300
300
;
8
400
300
;
8
500
300
;
8
600
300
;
8
700
300
;
6
400
200
;
7
300
200
;
7
200
200
;
7
300
100
;
7
300
0
;
7
500
200
;
7
500
100
;
7
500
0
;
7
600
200
;
7
600
100
;
7
600
0
;
7
700
200
;
7
700
100
;
7
700
0
;
23
200
100
;
29
400
100
;
29
400
0
;
