54
;
5
0
0
;
5
200
0
;
5
300
0
;
5
400
0
;
5
500
0
;
5
600
0
;
5
700
0
;
1
100
175
;
5
0
200
;
5
100
200
;
5
200
200
;
5
300
200
;
5
400
200
;
5
500
200
;
5
600
200
;
5
700
200
;
5
0
400
;
5
100
400
;
5
200
400
;
5
300
400
;
5
400
400
;
5
500
400
;
5
600
400
;
5
700
400
;
15
0
100
;
15
200
100
;
15
300
100
;
15
400
100
;
15
500
100
;
15
600
100
;
15
700
100
;
15
0
300
;
15
100
300
;
15
200
300
;
15
300
300
;
15
400
300
;
15
500
300
;
15
600
300
;
15
700
300
;
14
0
175
;
14
200
175
;
14
300
176
;
14
400
175
;
14
500
175
;
14
600
175
;
14
700
175
;
14
0
375
;
14
100
375
;
14
200
375
;
14
300
375
;
14
400
375
;
14
500
375
;
14
600
375
;
14
700
375
;
